# n = number of items
60
# b = common height of stacks
4
# m = number of stacks
48
# Item name and Appearance
# (0: I^{fix}, 1: I^1, 2: I^2)
001          0
002          0
003          0
004          0
005          0
006          0
007          0
008          0
009          0
010          0
011          0
012          0
013          0
014          0
015          0
016          0
017          0
018          0
019          0
020          0
021          0
022          0
023          0
024          0
025          0
026          0
027          1
028          1
029          1
030          1
031          1
032          1
033          1
034          1
035          1
036          1
037          1
038          1
039          1
040          1
041          1
042          1
043          2
044          2
045          2
046          2
047          2
048          2
049          2
050          2
051          2
052          2
053          2
054          2
055          2
056          2
057          2
058          2
059          2
060          2
# Positions of Ifix-items
# Item name  Stack      Level
026          1          1
004          1          2
018          1          3
010          2          1
020          2          2
019          3          1
009          4          1
005          4          2
013          4          3
024          5          1
025          5          2
021          5          3
011          6          1
023          6          2
015          6          3
022          7          1
017          8          1
016          9          1
001          10          1
014          10          2
008          11          1
003          12          1
006          12          2
012          13          1
002          14          1
007          14          2
# Stacking constraints
# Each line has the format (i, j) meaning that s_{ij} = 1
# Item above - Item below
001          005  
001          006  
001          010  
001          011  
001          013  
001          014  
001          017  
001          018  
001          019  
001          021  
001          023  
001          024  
001          026  
002          001  
002          004  
002          005  
002          006  
002          007  
002          008  
002          010  
002          012  
002          014  
002          018  
002          025  
003          004  
003          005  
003          007  
003          008  
003          009  
003          010  
003          011  
003          015  
003          016  
003          018  
003          020  
004          006  
004          008  
004          010  
004          011  
004          012  
004          016  
004          017  
004          021  
004          022  
004          024  
004          026  
005          002  
005          006  
005          009  
005          010  
005          011  
005          013  
005          016  
005          017  
005          018  
005          022  
005          026  
006          003  
006          007  
006          009  
006          011  
006          013  
006          015  
006          017  
006          021  
006          023  
006          025  
007          002  
007          003  
007          005  
007          006  
007          012  
007          014  
007          016  
007          022  
007          025  
008          001  
008          003  
008          004  
008          009  
008          010  
008          011  
008          013  
008          014  
008          015  
008          016  
008          017  
008          021  
008          025  
008          026  
009          002  
009          003  
009          004  
009          007  
009          010  
009          014  
009          016  
009          017  
009          018  
009          019  
009          021  
009          022  
009          023  
009          024  
009          025  
010          001  
010          002  
010          003  
010          005  
010          007  
010          014  
010          016  
010          017  
010          019  
010          020  
010          021  
010          024  
010          025  
011          003  
011          005  
011          008  
011          010  
011          013  
011          014  
011          015  
011          016  
011          018  
011          019  
011          020  
011          023  
011          025  
011          026  
012          001  
012          002  
012          003  
012          006  
012          007  
012          009  
012          014  
012          016  
012          017  
012          021  
012          023  
013          001  
013          002  
013          003  
013          005  
013          006  
013          007  
013          008  
013          009  
013          010  
013          012  
013          014  
013          015  
013          018  
013          022  
013          025  
014          001  
014          003  
014          005  
014          007  
014          008  
014          012  
014          015  
014          016  
014          021  
014          022  
014          024  
014          026  
015          004  
015          005  
015          008  
015          009  
015          010  
015          011  
015          012  
015          013  
015          016  
015          021  
015          022  
015          023  
015          025  
016          001  
016          003  
016          004  
016          007  
016          009  
016          010  
016          012  
016          014  
016          015  
016          017  
016          019  
016          021  
016          022  
016          023  
016          024  
016          026  
017          002  
017          004  
017          005  
017          006  
017          008  
017          009  
017          013  
017          016  
017          019  
017          020  
017          021  
017          023  
017          025  
018          002  
018          004  
018          005  
018          006  
018          008  
018          009  
018          010  
018          012  
018          013  
018          014  
018          017  
018          019  
018          020  
018          021  
018          023  
018          024  
019          001  
019          005  
019          006  
019          007  
019          010  
019          012  
019          013  
019          014  
019          016  
019          017  
019          018  
019          022  
019          024  
019          025  
019          026  
020          001  
020          003  
020          004  
020          006  
020          007  
020          009  
020          010  
020          011  
020          012  
020          013  
020          015  
020          016  
020          017  
020          019  
020          022  
020          023  
021          002  
021          004  
021          005  
021          007  
021          008  
021          009  
021          013  
021          022  
021          023  
021          024  
021          025  
021          026  
022          001  
022          002  
022          003  
022          005  
022          009  
022          015  
022          016  
022          017  
022          018  
022          024  
022          025  
023          002  
023          004  
023          005  
023          006  
023          009  
023          011  
023          012  
023          016  
023          017  
023          018  
023          019  
023          020  
023          021  
023          022  
023          024  
023          025  
024          003  
024          004  
024          007  
024          010  
024          011  
024          016  
024          017  
024          019  
024          021  
024          023  
024          026  
025          002  
025          003  
025          004  
025          005  
025          006  
025          007  
025          008  
025          010  
025          011  
025          014  
025          015  
025          018  
025          020  
025          021  
025          024  
025          026  
026          001  
026          003  
026          004  
026          005  
026          007  
026          009  
026          011  
026          013  
026          014  
026          015  
026          016  
026          018  
026          020  
026          022  
026          023  
026          024  
001          029  
001          030  
001          031  
001          034  
001          035  
001          036  
001          037  
001          039  
001          041  
001          042  
002          027  
002          028  
002          030  
002          031  
002          035  
002          037  
002          039  
002          041  
003          027  
003          033  
003          036  
003          038  
003          040  
003          042  
004          031  
004          032  
004          034  
004          035  
004          042  
005          027  
005          028  
005          034  
005          038  
005          039  
005          040  
005          042  
006          029  
006          031  
006          032  
006          033  
006          034  
006          038  
006          039  
007          027  
007          032  
007          033  
007          039  
008          031  
008          032  
008          033  
008          034  
008          035  
008          036  
008          037  
008          038  
008          039  
008          040  
008          041  
009          027  
009          029  
009          031  
009          035  
009          036  
009          037  
009          039  
009          041  
010          031  
010          033  
010          034  
010          035  
010          036  
010          037  
010          039  
011          027  
011          028  
011          029  
011          030  
011          031  
011          032  
011          033  
011          036  
011          040  
011          042  
012          029  
012          030  
012          031  
012          032  
012          036  
012          037  
012          038  
012          040  
013          028  
013          029  
013          030  
013          031  
013          032  
013          033  
013          034  
013          037  
013          039  
013          040  
013          042  
014          029  
014          031  
014          032  
014          033  
014          037  
014          042  
015          027  
015          028  
015          029  
015          030  
015          031  
015          034  
015          035  
015          036  
015          037  
015          040  
015          041  
015          042  
016          027  
016          028  
016          029  
016          030  
016          031  
016          033  
016          034  
016          035  
016          039  
016          040  
016          041  
017          028  
017          030  
017          031  
017          034  
017          036  
017          038  
017          039  
017          040  
018          028  
018          029  
018          031  
018          033  
018          034  
018          036  
018          039  
018          041  
018          042  
019          027  
019          028  
019          035  
019          036  
019          040  
019          042  
020          027  
020          028  
020          029  
020          030  
020          033  
020          034  
020          035  
020          037  
020          038  
020          040  
020          041  
021          029  
021          033  
021          036  
021          037  
021          039  
021          041  
022          029  
022          030  
022          031  
022          037  
022          039  
022          040  
023          027  
023          028  
023          029  
023          030  
023          032  
023          033  
023          034  
023          035  
023          036  
023          037  
023          038  
023          040  
023          041  
024          028  
024          031  
024          032  
024          034  
024          042  
025          028  
025          029  
025          030  
025          032  
025          036  
025          040  
025          041  
025          042  
026          027  
026          030  
026          036  
026          037  
026          038  
026          040  
026          041  
004          046  
027          001  
027          002  
027          005  
027          009  
027          010  
027          011  
027          015  
027          016  
027          018  
027          020  
027          022  
027          023  
027          025  
028          001  
028          002  
028          003  
028          004  
028          008  
028          009  
028          011  
028          012  
028          013  
028          014  
028          017  
028          018  
028          020  
028          021  
028          022  
028          025  
028          026  
029          001  
029          004  
029          005  
029          006  
029          007  
029          011  
029          015  
029          017  
029          022  
030          002  
030          005  
030          008  
030          010  
030          012  
030          013  
030          015  
030          016  
030          020  
030          023  
030          026  
031          005  
031          006  
031          007  
031          010  
031          011  
031          012  
031          014  
031          016  
031          022  
031          023  
031          025  
032          003  
032          004  
032          005  
032          007  
032          008  
032          009  
032          013  
032          015  
032          016  
032          018  
032          021  
032          025  
032          026  
033          001  
033          002  
033          004  
033          007  
033          008  
033          010  
033          015  
033          018  
033          019  
033          020  
033          021  
033          024  
033          025  
034          002  
034          005  
034          007  
034          011  
034          014  
034          018  
034          019  
034          023  
034          024  
034          026  
035          004  
035          005  
035          006  
035          010  
035          012  
035          015  
035          017  
035          019  
035          020  
035          022  
035          024  
035          026  
036          002  
036          003  
036          006  
036          011  
036          012  
036          014  
036          017  
036          018  
036          021  
036          022  
036          023  
037          002  
037          003  
037          007  
037          009  
037          013  
037          014  
037          017  
037          019  
037          020  
037          021  
037          023  
038          001  
038          002  
038          003  
038          004  
038          005  
038          006  
038          007  
038          008  
038          010  
038          011  
038          012  
038          013  
038          014  
038          015  
038          016  
038          018  
038          021  
038          025  
038          026  
039          001  
039          003  
039          004  
039          005  
039          006  
039          010  
039          013  
039          014  
039          016  
039          018  
039          022  
039          023  
039          024  
040          001  
040          002  
040          003  
040          004  
040          005  
040          007  
040          011  
040          012  
040          013  
040          015  
040          020  
040          022  
040          023  
040          024  
040          026  
041          003  
041          004  
041          005  
041          007  
041          008  
041          012  
041          014  
041          015  
041          021  
041          022  
041          023  
042          001  
042          002  
042          003  
042          004  
042          006  
042          008  
042          010  
042          014  
042          015  
042          016  
042          017  
042          019  
042          022  
042          026  
027          029  
027          030  
027          032  
027          033  
027          034  
027          036  
027          040  
028          029  
028          031  
028          032  
028          034  
028          039  
028          041  
029          027  
029          028  
029          033  
029          034  
029          035  
029          036  
029          037  
029          038  
029          039  
029          040  
029          041  
030          028  
030          031  
030          032  
030          035  
030          036  
030          037  
030          040  
030          042  
031          028  
031          030  
031          033  
031          034  
031          035  
031          036  
031          039  
031          040  
031          041  
031          042  
032          028  
032          029  
032          030  
032          034  
032          035  
032          036  
032          038  
032          040  
032          041  
032          042  
033          028  
033          030  
033          032  
033          034  
033          037  
033          038  
033          040  
033          041  
033          042  
034          028  
034          030  
034          039  
034          040  
035          033  
035          034  
035          039  
035          040  
035          041  
035          042  
036          029  
036          031  
036          033  
036          037  
036          038  
036          041  
036          042  
037          027  
037          029  
037          030  
037          031  
037          033  
037          034  
037          038  
037          039  
037          040  
037          042  
038          027  
038          030  
038          031  
038          033  
038          036  
038          039  
038          041  
039          027  
039          029  
039          030  
039          034  
039          035  
039          037  
039          038  
039          042  
040          027  
040          030  
040          031  
040          032  
040          033  
040          034  
040          035  
040          038  
040          041  
041          027  
041          029  
041          030  
041          031  
041          035  
041          036  
041          037  
041          038  
041          039  
041          042  
042          028  
042          030  
042          031  
042          032  
042          033  
042          037  
042          039  
042          040  
057          029  
050          054  