# n = number of items
63
# b = common height of stacks
4
# m = number of stacks
51
# Item name and Appearance
# (0: I^{fix}, 1: I^1, 2: I^2)
001          0
002          0
003          0
004          0
005          0
006          0
007          0
008          0
009          0
010          0
011          0
012          0
013          0
014          0
015          0
016          0
017          0
018          0
019          0
020          0
021          0
022          0
023          1
024          1
025          1
026          1
027          1
028          1
029          1
030          1
031          1
032          1
033          1
034          1
035          1
036          1
037          1
038          1
039          1
040          1
041          1
042          1
043          1
044          1
045          2
046          2
047          2
048          2
049          2
050          2
051          2
052          2
053          2
054          2
055          2
056          2
057          2
058          2
059          2
060          2
061          2
062          2
063          2
# Positions of Ifix-items
# Item name  Stack      Level
017          1          1
003          1          2
022          2          1
001          3          1
018          3          2
021          3          3
005          4          1
015          4          2
020          5          1
014          7          1
010          7          2
011          8          1
013          8          2
008          9          1
009          9          2
019          11          1
006          12          1
002          13          1
007          15          1
012          16          1
004          16          2
016          19          1
# Stacking constraints
# Each line has the format (i, j) meaning that s_{ij} = 1
# Item above - Item below
001          003
001          004
001          005
001          008
001          010
001          011
001          012
001          013
001          014
001          015
001          016
001          017
001          019
001          020
001          021
001          022
002          003
002          004
002          007
002          008
002          009
002          011
002          012
002          014
002          015
002          016
002          017
002          020
002          021
002          022
003          001
003          002
003          004
003          005
003          006
003          007
003          009
003          010
003          011
003          012
003          013
003          014
003          015
003          016
003          017
003          018
003          019
003          020
003          021
003          022
004          001
004          002
004          005
004          006
004          007
004          008
004          009
004          011
004          012
004          013
004          014
004          016
004          017
004          018
004          019
004          020
004          021
005          001
005          002
005          004
005          006
005          007
005          008
005          009
005          010
005          011
005          012
005          014
005          015
005          017
005          018
005          019
005          020
005          021
006          001
006          002
006          003
006          004
006          005
006          007
006          008
006          009
006          010
006          011
006          012
006          013
006          014
006          015
006          016
006          017
006          018
006          019
006          020
006          022
007          001
007          002
007          003
007          004
007          005
007          006
007          008
007          009
007          010
007          011
007          012
007          013
007          014
007          015
007          016
007          017
007          018
007          019
007          020
007          021
007          022
008          001
008          002
008          004
008          005
008          006
008          009
008          010
008          011
008          012
008          013
008          015
008          016
008          017
008          018
008          019
008          020
008          021
008          022
009          001
009          002
009          003
009          004
009          005
009          006
009          007
009          008
009          010
009          011
009          012
009          013
009          014
009          015
009          016
009          017
009          018
009          019
009          020
009          021
010          001
010          002
010          003
010          004
010          005
010          006
010          007
010          008
010          009
010          011
010          012
010          013
010          014
010          015
010          016
010          017
010          018
010          019
010          020
010          022
011          001
011          002
011          003
011          004
011          005
011          006
011          007
011          008
011          009
011          010
011          012
011          013
011          015
011          016
011          017
011          018
011          019
011          020
012          001
012          002
012          005
012          006
012          007
012          008
012          009
012          010
012          011
012          013
012          014
012          015
012          016
012          017
012          018
012          019
012          020
012          022
013          001
013          003
013          004
013          005
013          006
013          007
013          008
013          009
013          010
013          011
013          012
013          014
013          016
013          017
013          018
013          019
013          020
013          021
013          022
014          002
014          003
014          004
014          005
014          006
014          007
014          009
014          010
014          011
014          012
014          013
014          016
014          017
014          018
014          019
014          020
014          021
014          022
015          001
015          002
015          003
015          004
015          005
015          006
015          007
015          008
015          009
015          010
015          011
015          012
015          013
015          014
015          016
015          017
015          018
015          019
015          020
015          021
015          022
016          001
016          002
016          003
016          004
016          005
016          006
016          008
016          009
016          010
016          011
016          012
016          013
016          014
016          015
016          018
016          019
016          020
016          021
017          001
017          002
017          003
017          004
017          005
017          007
017          008
017          009
017          010
017          011
017          012
017          013
017          014
017          015
017          016
017          018
017          019
017          020
017          021
017          022
018          001
018          002
018          005
018          006
018          007
018          008
018          009
018          010
018          011
018          012
018          013
018          015
018          017
018          019
018          020
018          021
018          022
019          001
019          003
019          004
019          005
019          006
019          007
019          008
019          009
019          010
019          011
019          012
019          013
019          014
019          015
019          016
019          017
019          018
019          020
019          021
019          022
020          001
020          003
020          004
020          005
020          007
020          008
020          009
020          010
020          011
020          012
020          014
020          015
020          016
020          017
020          018
020          021
021          001
021          002
021          003
021          004
021          005
021          006
021          007
021          008
021          009
021          010
021          012
021          013
021          015
021          016
021          018
021          019
021          020
021          022
022          001
022          002
022          003
022          004
022          005
022          006
022          007
022          008
022          010
022          012
022          013
022          014
022          016
022          017
022          018
022          019
022          020
001          023
001          024
001          027
001          028
001          029
001          030
001          031
001          032
001          033
001          034
001          035
001          036
001          037
001          038
001          040
001          041
001          042
001          043
001          044
002          024
002          025
002          026
002          027
002          028
002          030
002          031
002          034
002          035
002          036
002          037
002          038
002          039
002          040
002          041
002          042
002          043
002          044
003          023
003          024
003          025
003          027
003          028
003          029
003          030
003          031
003          032
003          033
003          036
003          037
003          038
003          040
003          041
003          042
003          043
003          044
004          024
004          025
004          026
004          027
004          029
004          030
004          031
004          032
004          033
004          034
004          035
004          036
004          037
004          038
004          039
004          040
004          041
004          042
004          043
004          044
005          023
005          024
005          025
005          027
005          028
005          029
005          030
005          031
005          032
005          033
005          034
005          035
005          036
005          037
005          038
005          041
005          042
005          043
006          024
006          025
006          026
006          027
006          029
006          030
006          031
006          032
006          033
006          034
006          035
006          036
006          037
006          038
006          039
006          040
006          041
006          042
006          044
007          024
007          025
007          026
007          027
007          029
007          030
007          031
007          033
007          034
007          035
007          036
007          037
007          038
007          039
007          040
007          041
007          042
007          043
007          044
008          023
008          024
008          025
008          026
008          028
008          029
008          030
008          031
008          032
008          033
008          034
008          035
008          036
008          037
008          038
008          039
008          040
008          043
009          025
009          026
009          027
009          029
009          030
009          031
009          032
009          033
009          034
009          035
009          036
009          037
009          038
009          040
009          041
009          042
009          043
009          044
010          023
010          024
010          025
010          027
010          028
010          029
010          030
010          033
010          034
010          035
010          036
010          037
010          038
010          040
010          041
010          042
010          043
010          044
011          023
011          024
011          025
011          026
011          027
011          029
011          031
011          032
011          033
011          034
011          035
011          036
011          037
011          038
011          039
011          040
011          041
011          042
011          043
011          044
012          023
012          024
012          025
012          026
012          027
012          028
012          029
012          030
012          031
012          033
012          034
012          035
012          036
012          037
012          038
012          039
012          040
012          041
012          042
012          043
012          044
013          023
013          024
013          025
013          026
013          027
013          028
013          029
013          030
013          031
013          032
013          033
013          034
013          035
013          036
013          037
013          038
013          039
013          040
013          041
013          043
013          044
014          023
014          024
014          025
014          026
014          027
014          028
014          029
014          030
014          031
014          032
014          033
014          034
014          035
014          036
014          038
014          039
014          040
014          041
014          042
014          043
014          044
015          023
015          024
015          025
015          026
015          027
015          028
015          029
015          031
015          032
015          033
015          034
015          035
015          036
015          037
015          038
015          039
015          040
015          042
015          043
015          044
016          024
016          025
016          026
016          027
016          028
016          029
016          030
016          031
016          032
016          033
016          034
016          036
016          037
016          039
016          040
016          041
016          042
016          043
016          044
017          025
017          026
017          027
017          028
017          029
017          030
017          031
017          034
017          035
017          037
017          038
017          039
017          040
017          041
017          042
017          043
017          044
018          023
018          024
018          025
018          026
018          027
018          029
018          030
018          031
018          034
018          035
018          036
018          037
018          038
018          039
018          040
018          041
018          042
018          043
018          044
019          024
019          025
019          026
019          027
019          028
019          029
019          030
019          032
019          033
019          035
019          036
019          037
019          038
019          039
019          040
019          041
019          042
019          043
019          044
020          023
020          024
020          025
020          026
020          028
020          029
020          031
020          032
020          033
020          034
020          035
020          036
020          037
020          038
020          039
020          040
020          041
020          042
020          043
020          044
021          024
021          025
021          026
021          028
021          029
021          031
021          032
021          033
021          034
021          035
021          036
021          037
021          038
021          041
021          042
021          043
021          044
022          023
022          024
022          025
022          027
022          028
022          029
022          030
022          031
022          033
022          035
022          036
022          037
022          039
022          040
022          041
022          042
022          044
003          051
004          058
004          062
004          063
006          052
007          045
009          045
009          052
011          048
012          054
014          050
014          063
016          057
017          050
018          046
018          060
021          050
023          001
023          002
023          003
023          004
023          005
023          007
023          008
023          009
023          010
023          013
023          015
023          016
023          017
023          018
023          019
023          020
023          021
023          022
024          001
024          002
024          004
024          005
024          006
024          007
024          008
024          009
024          010
024          011
024          012
024          013
024          014
024          015
024          016
024          018
024          019
024          020
024          021
024          022
025          001
025          002
025          003
025          004
025          005
025          006
025          007
025          008
025          009
025          010
025          011
025          012
025          013
025          014
025          015
025          016
025          017
025          018
025          019
025          020
025          021
025          022
026          001
026          002
026          003
026          004
026          005
026          006
026          007
026          008
026          009
026          010
026          011
026          013
026          014
026          015
026          016
026          017
026          018
026          020
026          021
026          022
027          001
027          003
027          004
027          005
027          006
027          008
027          010
027          011
027          012
027          014
027          015
027          016
027          017
027          020
027          021
027          022
028          001
028          002
028          003
028          004
028          005
028          006
028          007
028          008
028          009
028          010
028          011
028          012
028          013
028          014
028          015
028          016
028          018
028          019
028          020
028          021
028          022
029          001
029          002
029          003
029          004
029          005
029          006
029          007
029          008
029          009
029          012
029          013
029          014
029          015
029          016
029          017
029          018
029          019
029          021
029          022
030          002
030          004
030          005
030          006
030          007
030          008
030          009
030          010
030          011
030          012
030          013
030          014
030          015
030          016
030          017
030          019
030          020
030          021
031          001
031          002
031          003
031          004
031          005
031          006
031          007
031          008
031          009
031          010
031          011
031          012
031          013
031          015
031          016
031          017
031          018
031          019
031          020
031          021
031          022
032          001
032          002
032          003
032          004
032          005
032          006
032          007
032          008
032          009
032          010
032          011
032          013
032          014
032          015
032          016
032          017
032          019
032          020
032          021
032          022
033          001
033          002
033          003
033          004
033          005
033          007
033          008
033          009
033          010
033          011
033          012
033          013
033          014
033          015
033          016
033          017
033          018
033          019
033          020
033          021
033          022
034          005
034          006
034          007
034          008
034          010
034          012
034          013
034          014
034          015
034          016
034          017
034          018
034          019
034          021
034          022
035          001
035          002
035          003
035          004
035          005
035          006
035          007
035          008
035          009
035          010
035          011
035          012
035          013
035          014
035          015
035          016
035          017
035          018
035          019
035          020
035          021
035          022
036          001
036          002
036          003
036          004
036          005
036          006
036          008
036          009
036          010
036          011
036          012
036          013
036          014
036          015
036          016
036          017
036          018
036          019
036          020
036          021
037          004
037          005
037          006
037          007
037          008
037          009
037          010
037          011
037          012
037          013
037          014
037          015
037          016
037          017
037          018
037          019
037          020
037          021
038          001
038          002
038          003
038          004
038          006
038          008
038          009
038          010
038          011
038          012
038          013
038          014
038          015
038          016
038          017
038          018
038          019
038          020
038          021
038          022
039          001
039          002
039          004
039          006
039          007
039          008
039          009
039          010
039          011
039          012
039          013
039          014
039          015
039          016
039          017
039          018
039          019
039          021
039          022
040          002
040          003
040          004
040          005
040          006
040          007
040          008
040          011
040          012
040          013
040          014
040          016
040          017
040          018
040          019
040          020
040          021
040          022
041          001
041          002
041          004
041          005
041          006
041          007
041          009
041          010
041          011
041          012
041          013
041          014
041          015
041          016
041          017
041          018
041          019
041          021
041          022
042          001
042          002
042          003
042          004
042          006
042          007
042          008
042          009
042          010
042          011
042          012
042          015
042          016
042          017
042          018
042          020
042          021
042          022
043          001
043          002
043          003
043          005
043          006
043          007
043          008
043          009
043          010
043          011
043          012
043          013
043          014
043          015
043          016
043          017
043          018
043          019
043          020
043          021
043          022
044          001
044          002
044          003
044          004
044          005
044          007
044          008
044          009
044          010
044          013
044          014
044          015
044          016
044          018
044          019
044          020
044          021
044          022
023          024
023          025
023          026
023          027
023          028
023          029
023          030
023          031
023          033
023          035
023          036
023          039
023          040
023          041
023          042
023          043
023          044
024          023
024          025
024          026
024          027
024          028
024          029
024          030
024          031
024          032
024          033
024          034
024          035
024          036
024          037
024          038
024          039
024          041
024          043
024          044
025          023
025          026
025          027
025          028
025          029
025          030
025          031
025          032
025          033
025          034
025          035
025          036
025          037
025          038
025          039
025          040
025          041
025          042
025          043
025          044
026          023
026          024
026          025
026          027
026          028
026          030
026          031
026          032
026          033
026          035
026          036
026          037
026          038
026          039
026          040
026          041
026          042
026          044
027          023
027          024
027          025
027          026
027          028
027          029
027          030
027          031
027          032
027          034
027          035
027          036
027          037
027          038
027          039
027          040
027          041
027          042
027          043
027          044
028          023
028          024
028          027
028          029
028          030
028          033
028          034
028          035
028          036
028          037
028          039
028          040
028          041
028          043
028          044
029          023
029          024
029          025
029          026
029          027
029          028
029          030
029          031
029          033
029          034
029          035
029          036
029          037
029          038
029          039
029          040
029          041
029          042
029          043
029          044
030          023
030          025
030          026
030          028
030          029
030          031
030          032
030          033
030          034
030          035
030          036
030          037
030          039
030          040
030          041
030          043
030          044
031          023
031          024
031          025
031          026
031          027
031          028
031          029
031          030
031          032
031          033
031          034
031          035
031          036
031          037
031          040
031          041
031          043
031          044
032          023
032          024
032          025
032          026
032          027
032          029
032          030
032          031
032          034
032          036
032          037
032          039
032          040
032          041
032          042
032          043
032          044
033          023
033          025
033          026
033          027
033          028
033          029
033          030
033          031
033          032
033          035
033          036
033          037
033          038
033          039
033          040
033          041
033          042
033          043
033          044
034          023
034          024
034          025
034          026
034          027
034          028
034          029
034          030
034          031
034          033
034          035
034          036
034          037
034          038
034          039
034          041
034          042
034          043
034          044
035          023
035          024
035          025
035          027
035          029
035          030
035          031
035          032
035          033
035          036
035          038
035          039
035          040
035          042
035          043
035          044
036          023
036          024
036          025
036          026
036          027
036          028
036          030
036          031
036          032
036          033
036          034
036          035
036          037
036          038
036          039
036          040
036          041
036          042
036          043
036          044
037          023
037          026
037          027
037          028
037          029
037          030
037          031
037          033
037          034
037          035
037          036
037          038
037          040
037          041
037          042
037          043
037          044
038          023
038          024
038          025
038          027
038          028
038          029
038          030
038          032
038          033
038          034
038          035
038          036
038          037
038          039
038          040
038          041
038          042
038          043
038          044
039          023
039          025
039          029
039          030
039          031
039          032
039          034
039          036
039          037
039          038
039          040
039          041
039          042
039          043
039          044
040          023
040          024
040          025
040          027
040          029
040          030
040          031
040          032
040          033
040          034
040          035
040          036
040          037
040          039
040          042
040          043
040          044
041          023
041          024
041          025
041          026
041          027
041          028
041          029
041          030
041          031
041          032
041          034
041          036
041          039
041          040
041          042
041          043
041          044
042          024
042          025
042          029
042          030
042          031
042          032
042          033
042          034
042          036
042          037
042          038
042          039
042          040
042          041
042          043
042          044
043          023
043          025
043          026
043          027
043          028
043          029
043          030
043          031
043          033
043          034
043          035
043          036
043          037
043          039
043          040
043          041
043          042
043          044
044          023
044          024
044          025
044          026
044          028
044          029
044          030
044          031
044          032
044          033
044          034
044          035
044          036
044          037
044          038
044          039
044          040
044          041
044          042
044          043
024          052
026          045
026          055
027          047
027          051
027          057
028          052
028          053
028          055
029          053
031          052
032          050
033          054
034          045
038          059
039          052
043          058
046          020
047          003
047          016
047          019
049          005
049          021
050          005
050          016
051          016
052          003
053          010
055          014
055          022
057          020
057          022
058          006
058          016
059          017
059          019
063          015
045          030
046          036
052          026
053          043
054          024
054          027
054          031
055          023
058          029
060          023
060          024
060          025
061          029
062          031
063          023
051          059
052          050
055          046
055          048
055          061
056          046
058          048
062          050